**********************************************
        DIGIT IMAGE CLASSIFICATION : BINARY  
**********************************************
TOTAL TEST DOCUMENTS READ   :1000


*** CONFUSION MATRIX ***

    84.444%     0.000%     1.111%     0.000%     1.111%     5.556%     3.333%     0.000%     4.444%     0.000%
     0.000%    96.296%     0.926%     0.000%     0.000%     1.852%     0.926%     0.000%     0.000%     0.000%
     0.971%     2.913%    77.670%     3.883%     0.971%     0.000%     5.825%     0.971%     4.854%     1.942%
     0.000%     2.000%     0.000%    79.000%     0.000%     3.000%     2.000%     6.000%     2.000%     6.000%
     0.000%     0.935%     0.000%     0.000%    76.636%     0.000%     2.804%     0.935%     1.869%    16.822%
     2.174%     2.174%     1.087%    13.043%     3.261%    67.391%     1.087%     1.087%     2.174%     6.522%
     1.099%     6.593%     4.396%     0.000%     4.396%     5.495%    75.824%     0.000%     2.198%     0.000%
     0.000%     5.660%     2.830%     0.000%     2.830%     0.000%     0.000%    72.642%     2.830%    13.208%
     1.942%     0.971%     2.913%    13.592%     1.942%     5.825%     0.000%     0.971%    60.194%    11.650%
     1.000%     1.000%     1.000%     3.000%     9.000%     2.000%     0.000%     2.000%     1.000%    80.000%
--------------------------
OVERALL ACCURACY :77.010%
---------------------------


**********************************************
        DIGIT IMAGE CLASSIFICATION : TERNARY  
**********************************************
TOTAL TEST DOCUMENTS READ   :1000


*** CONFUSION MATRIX ***

    83.333%     0.000%     1.111%     0.000%     0.000%     6.667%     4.444%     0.000%     4.444%     0.000%
     0.000%    95.370%     0.000%     0.000%     0.000%     1.852%     0.926%     0.000%     1.852%     0.000%
     0.971%     2.913%    74.757%     5.825%     0.971%     0.971%     5.825%     1.942%     4.854%     0.971%
     0.000%     2.000%     0.000%    80.000%     0.000%     3.000%     2.000%     5.000%     3.000%     5.000%
     0.000%     0.000%     0.000%     0.000%    77.570%     0.935%     1.869%     0.935%     1.869%    16.822%
     2.174%     1.087%     1.087%    13.043%     3.261%    68.478%     1.087%     1.087%     2.174%     6.522%
     0.000%     4.396%     4.396%     0.000%     6.593%     5.495%    75.824%     0.000%     3.297%     0.000%
     0.000%     6.604%     2.830%     0.000%     2.830%     0.000%     0.000%    73.585%     1.887%    12.264%
     0.971%     1.942%     2.913%    11.650%     1.942%     8.738%     0.000%     0.971%    62.136%     8.738%
     1.000%     1.000%     0.000%     2.000%    10.000%     2.000%     0.000%     2.000%     2.000%    80.000%
--------------------------
OVERALL ACCURACY :77.105%
---------------------------